72.62781256
64.01095166
72.48160172
74.35324129
73.36237628
72.02509011
71.92071638
72.93331067
65.05998342
65.89481815
82.22889118
72.39439433
59.43051398
66.57067559
69.25657964
62.41325540
68.27939592
74.37551359
76.41692674
63.07056204
72.76413739
72.47977434
72.35827036
71.12392002
76.71393570
61.05044826
76.57534104
79.54768147
70.77558923
75.70722657
67.43684589
64.79238622
79.20664696
71.90639999
72.83572783
66.23133285
67.73682803
70.96511612
53.89618061
66.62269376
73.87951562
68.28302782
79.14654268
73.44747409
66.39597567
67.98359392
66.54706817
72.17116496
66.51705041
72.36970976
70.95667017
66.81241744
74.02243516
64.74937489
72.23557046
80.07371787
74.84204261
73.75153699
61.85382884
74.16873964
74.74729858
65.38000903
78.05777819
69.06282671
68.40214590
64.09624645
68.69469410
69.31600221
68.85458856
69.88261206
62.79735749
77.16414749
73.56257543
67.08278660
64.93891320
74.55388328
68.87741016
68.69446225
74.19184733
76.48308204
67.18793377
74.55823229
66.61547640
70.42365052
69.47002780
69.16173024
63.78995060
67.04075610
65.72580313
69.90863399
70.38155319
65.80577777
74.07594326
72.85919831
81.65074084
66.94621260
71.06400795
61.05738318
73.31102351
71.95126594
64.98415279
66.91223509
66.30204041
70.84623974
62.40526120
58.32797049
71.05866712
74.77415014
70.83670044
62.36699298
69.48791586
66.15881559
66.44896051
66.79682978
78.38499550
66.20271192
68.13334167
72.50493296
66.79341068
70.42402150
61.31541687
68.07249272
72.41688958
77.16661710
72.72196834
66.20961339
70.32451215
73.78273640
77.98130964
67.71821782
63.68035341
63.95917901
78.41533163
62.03700293
65.24034537
71.17107753
68.31510475
65.90012700
75.65658452
71.16613016
66.59511643
72.46734354
67.72837408
76.36383205
70.83068704
70.50212009
61.82047150
52.92228568
58.63253876
71.88678564
72.24897657
69.22472318
67.01069196
76.42446573
78.63672682
74.34922575
77.06277395
77.42644768
60.43949127
66.30089081
65.03354073
76.00489567
71.68343427
68.25703841
64.50649078
71.17598995
74.24676950
72.38120126
69.34951385
75.60885029
74.59869084
71.00718160
73.23430465
63.33422699
78.25832845
73.47037589
66.15624831
70.05029094
72.03108923
60.55616830
72.51637663
76.36733755
77.54093239
66.41928071
73.91637131
69.48105722
74.33615832
71.11925481
72.48386095
63.59882158
64.90821861
60.37904693
67.24776678
71.39532209
68.01068283
71.44048702
70.11695090
64.84090044
65.22670841
60.04819108
65.97549523
69.05686370
65.00020817
80.29560476
68.60936285
75.02718188
73.07416850
76.34795428
69.04178642
76.77317821
64.54684515
70.37560294
71.91191118
64.46339042
74.02871667
68.66258670
68.13478101
58.84825985
64.40347122
74.35116785
76.94662322
63.35952108
64.83091457
70.43130487
67.23324613
69.44302563
65.42525878
63.84237528
72.28672624
69.15930644
63.83895242
77.82040512
65.67017216
71.21473537
77.65315483
66.34073893
66.20583949
69.23232661
62.37668721
68.09053040
65.64396445
70.00414795
73.64547713
67.46131280
71.82008730
72.27468236
69.53775407
74.11378435
71.92581550
73.97908970
67.79107025
63.69351442
74.88019393
63.59853958
68.98545083
68.76923325
67.01583069
68.30089744
72.62031662
64.20275895
75.57597031
64.17200213
71.38274586
78.54596917
73.00339617
65.29021658
72.31699616
77.85777939
70.94130127
74.57483123
66.07166909
64.91415686
59.41836689
68.38078767
66.46466099
63.89759670
72.16447037
68.90292700
73.90205483
72.05374770
71.56640173
71.67051374
63.63202883
61.05284067
71.84898727
72.28627797
67.25355538
82.52667602
63.63250559
66.84660933
74.54811850
65.97955767
75.22866207
67.22689138
66.42137964
64.98324872
78.66546611
74.42664260
61.68649505
73.32207409
75.00367794
67.62295516
73.25713729
72.65650519
78.51409446
76.95375154
63.94267085
68.34316972
82.55369080
64.06035053
58.67880020
71.15167506
69.41981789
69.07441089
71.78922598
63.22745473
73.75164786
75.93445757
70.91305629
71.54397223
68.25835772
76.58780213
78.71034954
62.40671643
72.68570330
72.11374028
71.52496620
67.75258188
64.13107159
59.86633773
73.45649259
71.54154034
69.65361183
66.42644676
70.34883249
69.18553669
67.47187481
76.36719380
74.38515631
78.02393105
67.98992536
73.19336430
75.50897988
65.67503176
72.12074147
64.33550959
69.80111404
63.42890911
68.57008291
72.53379954
64.68776507
65.82002765
59.90311467
71.59648330
71.70194908
62.29078456
64.59492038
75.85752728
72.74639042
64.62446887
70.45731058
67.99858142
66.11167358
73.33964499
75.77416022
60.84033172
77.89070129
72.13318182
73.49301100
70.00406486
73.83640788
69.20561564
63.37710621
69.26275736
72.32183430
69.68605192
67.82421737
70.19988138
77.25112291
74.90982344
65.82714968
71.45041101
73.15344453
69.34785785
65.26736711
66.27646679
71.48566063
66.13230646
73.93476130
70.91012053
75.94585015
68.26930875
66.18186239
66.74607560
67.73483834
75.77162995
69.45358481
78.16953212
64.47042130
72.65403047
74.04375987
73.94817261
70.30451773
63.09934622
65.79192912
69.26433295
63.23351697
74.36018997
69.06676787
70.35133128
74.81009654
68.72815190
66.75042387
64.67565595
65.68328088
65.38501919
77.79888514
67.88538400
74.32824942
68.53890037
70.81790123
67.05037643
66.01198165
67.65055739
74.41127014
69.59660730
74.23976699
75.67083079
66.06511552
66.41807166
71.31208171
69.39661248
64.43492511
73.30422578
67.07732993
66.69560834
69.46836496
75.77499196
67.76087330
60.53148686
70.14400170
72.11506681
59.39991012
69.57798272
72.64891076
61.49830933
68.52850583
73.61951764
72.55120773
75.23682520
72.33596040
67.05431856
68.79198900
73.42317795
61.85647781
72.08182676
60.45526569
71.28050640
67.53284656
74.28114504
62.24377474
79.23688860
68.04122935
66.22491531
69.41993150
72.49117115
72.14833296
77.05803731
79.68029123
68.05588471
67.54839127
71.23574470
73.08026699
66.22276673
64.80952024
68.22080794
72.88872624
71.14704592
70.87320280
76.23554925
73.95818596
71.49358710
68.85696575
70.77375185
76.89405104
63.34021730
62.89780123
67.11983241
66.57985386
74.65099781
69.02457707
69.25406790
61.52551052
65.69572051
81.43692186
69.51681244
70.77504095
67.45153799
71.01264636
68.00023203
68.91486956
75.97837900
74.84382565
65.06360085
67.59458178
64.55870031
57.96125494
66.52961503
75.07377620
68.34023184
77.01716214
68.10702103
71.36455418
65.40436127
76.04597337
69.70646592
70.17376916
69.98167756
65.18393644
64.62934874
63.44313515
70.74436590
58.98020551
75.17061570
73.41556606
74.99275122
63.62890174
65.91613299
79.03465489
73.73611606
66.70121409
73.50300904
65.07008605
60.80480192
66.49195538
68.92064555
63.13923101
74.13451810
67.78654013
65.49361628
67.33523626
67.03343727
64.33610575
62.58695914
68.69694432
69.28597379
67.01168483
67.49429373
73.34783610
76.13632322
73.30068652
67.69616936
69.46142330
70.33874121
71.41307156
77.59821013
69.29334936
70.10354375
78.13883435
71.93752498
72.17869665
66.67620375
71.89792632
65.22711041
68.66649388
64.39361475
70.33343745
70.37320246
72.54863157
77.07245280
78.16100515
80.45238230
70.29659793
73.54346807
64.16274508
77.39862217
65.04147277
66.54690575
72.08858125
76.44495807
66.75781431
79.45489348
77.11440689
65.16052839
70.85400475
70.73961481
66.28676677
72.73673110
63.14264324
70.32942440
68.36745253
69.00129903
75.72082792
60.90398115
72.66894198
65.51359306
66.76313403
84.93537066
61.26376359
67.18734450
71.56372972
68.18831284
70.62612293
82.20936522
73.15141294
60.77952139
71.22768316
65.93503236
80.86945843
81.33372389
67.69542892
64.24078025
68.90921558
75.44860834
73.85794394
69.09769371
75.62523711
77.30055964
73.99612075
71.43785465
65.62351247
66.15401989
71.55398282
80.47961168
70.55287456
67.49944757
77.56256489
66.00126880
72.91829093
66.80819631
73.50040448
75.05226048
69.54434079
73.67305201
66.04208963
72.64609351
73.43487714
73.07688549
68.50635046
69.78033498
73.31575816
65.21232936
67.16295460
75.89494443
69.66364674
66.64654549
63.81745802
68.18359761
72.11809708
70.25174968
69.74785071
70.20095480
71.24396717
73.77000963
77.85935699
67.45563211
70.99405495
74.86475428
83.54801927
66.55276314
72.95794426
65.40691617
76.23188942
73.78463930
67.71179306
81.35446225
66.92592118
69.92606577
70.19544749
73.97030257
67.48361003
72.40866624
75.07177830
71.95239731
77.77563509
71.11686415
67.03665712
62.12190020
68.22726275
59.50262335
76.02802775
73.32646348
69.43389280
72.24463660
67.73274509
73.06634732
65.46644349
69.17141583
81.02912090
71.83714915
70.15441650
77.34455899
65.90004858
77.34219498
68.60820290
66.02489976
68.15191305
60.95388196
67.61561170
74.89940474
69.23908381
67.58507228
75.64918465
75.05250617
70.68894072
74.34925141
79.51857154
76.40064637
73.90164674
71.64215386
76.49795992
64.52234201
67.98762662
71.54494544
68.86618236
75.85936269
65.47079118
65.88166056
62.09030741
71.92163711
71.58109790
71.10163300
68.57733847
67.15480468
75.05761353
69.23971082
68.28703928
69.93466238
73.99730719
63.85792271
69.07906008
68.27418762
76.12122906
64.73917865
71.77768801
69.30251241
71.25505354
69.72840446
67.22435500
72.69007882
79.82227796
53.44269624
66.37340776
68.10844332
71.03206176
68.72232455
62.09087675
65.16536174
68.55526783
71.56254481
67.24168267
65.72686825
66.66341848
61.38928232
64.51660626
66.96288877
59.01219325
72.16165417
75.56450098
71.24901661
70.49973417
65.45218778
55.98016958
67.01787010
64.36955402
65.60915218
72.37556830
70.12428842
74.19989680
63.35387368
66.24382228
72.48376164
62.63677951
75.62516205
72.34251531
63.90750397
76.21681074
72.69217590
74.86324450
71.79156581
70.02529404
68.46925005
76.58667787
62.85619374
61.45849190
70.15331117
69.61122501
62.52379802
63.53767447
65.85020005
61.99204274
78.59657510
76.93011738
74.51393514
65.89449601
66.49989089
77.63615361
58.71497282
73.02780591
66.07172699
57.37428656
67.47054755
67.12950145
72.58620325
71.38129584
76.44401654
68.03207243
71.28212142
61.05835990
73.63414218
68.01200992
65.92538743
74.79426155
70.06963080
77.53835197
75.84300643
75.47755055
74.38539517
59.04231825
66.78194718
57.16745957
73.60653941
64.99176970
68.35392836
65.41632984
69.55559015
69.06754784
69.71661576
76.24139333
73.12497473
73.59741165
74.24335424
66.68844409
70.36659927
77.55069516
76.85243049
69.99670793
65.78411299
61.97960654
69.64907365
76.54669287
66.12115339
64.80600218
64.09737205
67.20485284
72.76555814
63.44963678
61.38047360
78.96224738
73.34688309
67.91673788
72.16142490
70.50273463
76.88182288
69.29651702
58.94448703
55.60342558
63.55552450
69.77594525
70.54150403
62.86034290
67.64189896
66.65693842
68.78194732
74.37392509
76.13123317
72.06985747
58.19306424
68.24406250
73.35520701
72.54994347
66.28589639
67.72030653
66.94613501
72.18498590
66.72352988
63.90789041
74.11363489
57.43309546
66.90705964
72.20762595
77.96738429
73.40518878
72.84245786
65.59343653
62.95110088
68.19035828
72.58488114
75.97815636
71.23371263
76.55718621
68.01850721
75.46899027
62.10223443
75.28108575
72.91210759
62.49649881
75.37483727
69.03206927
67.96808040
68.60618445
73.11797973
65.38719233
66.58170873
72.76203488
65.26473893
69.02014581
74.56383315
80.54791734
64.53611714
69.20218606
73.44447797
69.99319173
61.11642258
63.59406277
66.20458577
72.33524107
65.41897842
68.27325594
71.58339083
66.36067078
70.38771028
73.02010556
60.53492297
69.82922146
71.80950189
68.97511071
70.90619975
71.85566186
79.20437164
69.98841343
68.26118800
70.88564198
64.00732540
69.21054542
72.09679855
72.49204767
73.88464290
73.37790468
66.75439241
68.20769309
74.86430239
72.77778523
78.52825003
66.34439116
74.52830708
61.02504362
78.99926020
75.66592987
70.92180362
72.09458680
72.37992219
75.13681357
69.87262276
67.95898700
69.99687615
72.52881724
71.02309350
73.27696487
68.27518659
66.54027383
70.00035182
74.55218556
64.27741495
66.64252831
71.14697638
63.58918215
73.68276507
71.57774176
83.08887537
68.97563814
70.99420969
63.28240722
64.63860939
76.72219549
73.93149458
68.94353621
63.45578992
72.16577851
70.20638332
69.49133351
71.04976887
70.25757343
69.20522906
72.23682768
73.46317516
72.08628954
67.76576246
63.41616792
73.35026091
68.80907141
68.43412668
77.52187470
67.46785371
66.54800521
64.64150556
75.10408906
74.46242037
57.53112837
69.05602160
