-4.09660692
-9.23941845
-14.20669738
-9.20396922
-18.09544350
-5.96549267
-11.65296038
-16.26458740
-17.09768272
-13.01555695
-8.60441790
-15.88658941
-10.94763918
-8.45797620
-8.80487891
-5.72045939
-18.93383069
-9.79297611
-7.02810880
-7.41537487
-8.75477426
-7.21969714
-8.54206195
-8.18893607
-11.28797568
-8.97148206
-8.72039781
-10.43346352
-16.57515529
-11.53092105
-16.89157044
-8.73524371
-8.47049405
-13.07606569
-9.99840594
-11.09397655
-12.70074705
-9.02665971
-5.39951202
-6.16777251
-5.31472133
0.00000000
-3.53134291
-6.19514008
-0.83826953
-11.44001940
-8.94630051
-10.01412096
-1.16759200
-4.60734903
-10.27508309
-8.23193019
-4.34130079
-20.02863984
-13.06927220
-9.38001065
-7.30521013
-9.72538596
-14.39901999
-12.76120502
-3.51556421
-23.22349427
-9.62537742
-15.18035348
-1.51449334
-15.70442787
-5.42405226
-6.72850334
-6.10816407
-0.84808140
-8.44993065
-6.54901688
-5.67246148
-12.51278527
-4.31271661
-12.58073657
-7.89024137
-15.19379850
-8.04837856
-7.49707708
-11.28297599
-12.11951052
-6.99353322
-17.05353062
-15.52678213
-15.08106464
-9.93217069
-14.67392142
-6.02311816
-7.76750922
-12.01055220
-5.73422739
-4.83657574
-4.63868170
-7.59276510
-19.76839285
-9.18000488
-12.30209019
-9.25236707
-18.47691944
-7.71794043
-11.36706279
-10.06169534
-4.15996623
-11.91077764
-9.36594884
-13.25536711
-11.39061425
-9.74319785
-10.99541899
-10.43000343
-4.32671121
-9.54009224
-20.72074086
-1.28617819
-2.89883111
-14.20839754
-8.36134796
-8.96989544
-9.68590094
-12.41162198
-14.13708694
-13.23315816
-1.97455145
-5.75277387
-4.31850432
-15.55946298
-15.97347298
-16.56156981
-9.31347121
-14.57065258
-20.07344536
-11.13861885
-3.87774229
-16.69176990
-19.48751633
-4.37830203
-15.92735082
-7.50989403
-10.65630444
-4.91024562
-9.66412911
-11.58444390
-0.65453366
-3.20317174
-14.13626188
-5.38982895
-4.88583711
-12.78586393
-8.14627934
-9.67064129
-8.91157681
-7.49097967
-10.56773246
-4.78216260
-5.74879391
-17.04006229
-12.25454098
-6.76618775
-8.97970982
-16.13516655
-12.20960773
-6.05023346
-1.67093549
-7.95646438
-2.27989858
-11.53012399
-3.79058339
-9.41917338
-11.16281863
-13.72495641
-18.20714669
-3.97530750
-4.28126112
-9.94149273
-4.56424362
-15.55823764
-9.24983797
-6.43842286
-15.51931800
-12.41990963
-16.59619231
-11.52718426
-13.59562537
-3.88405338
-1.37191288
-4.00612136
-15.83541808
-14.13485244
-10.12507295
-8.16295151
-4.05909670
-8.75665561
-15.11236402
-8.68446655
-2.98446457
-12.19211360
-5.95087548
-11.98496773
-10.65495428
-9.98928280
-6.31562083
-7.77833002
-6.43981501
-5.56405918
-11.98118854
-18.60409911
-12.96582318
-5.66435910
-9.32970691
-6.81762391
-19.64033895
-9.64418789
-9.91086885
-12.00039545
-16.58670427
-9.17132479
-16.36467439
-10.43875117
-12.17504141
-8.01907939
-8.55203444
-10.87098858
-6.52724950
-9.91872178
-3.85167333
-13.46212054
-8.54768699
-14.44351109
-8.84978432
-8.92416359
-17.56499917
-12.21693653
-11.97124259
-1.45482515
-14.67154766
-7.78675177
-17.83853930
-5.61559500
-7.77688002
-10.71755769
-14.24195688
-10.86775953
-9.30810673
-13.42193571
-7.11792924
-2.78725017
-5.63151112
-12.96907285
-8.24671738
-12.23511310
-12.99954182
-0.53620436
-12.31210789
-15.37891125
-18.73785231
-8.48081996
-18.26187510
-10.74522004
-15.32437764
-9.13619313
-17.33769238
-9.63921458
-13.15094452
-12.66379860
-6.78755967
-14.65279106
-16.26759998
-5.74649217
-10.90219206
-14.48359949
0.00000000
-8.63573651
-12.59305759
-17.29015011
-14.38877779
-10.57158578
-1.59057890
-11.07621478
-2.55184476
-5.64496393
-10.67210932
-0.04371348
-4.50652523
-4.05971817
-15.11457752
-6.14850263
-1.85013529
-6.52604660
-4.27146623
-17.57290803
-12.56578007
-8.27668297
-14.03418835
-11.48539821
-4.49336198
-9.42510452
-17.37015869
-11.86984917
-12.91683462
-11.86744227
-5.19453374
-8.88066503
-6.08894989
-19.46192612
-12.80454047
-10.26320570
-13.89891278
-7.21342759
-10.76461042
-9.82941761
-7.74096949
-6.95328443
-10.65354000
-8.74812449
-16.43802530
-6.46184591
-10.77959690
-11.27022314
-12.42422899
-9.55311947
-16.57266354
-18.13430928
-1.60824929
-14.90314017
-6.74791677
-17.38519306
-12.57542713
-6.05570714
-12.61715502
-4.77633207
-17.43956952
-11.85357883
-9.18057220
-21.31773592
-3.68667641
-15.30902379
-9.95360318
-3.74079148
-6.15768635
-10.29387787
-7.13869733
-8.66902003
-10.05413999
-8.77770646
-1.70652024
-15.32399434
-10.13775835
-12.43666650
-16.42098939
-5.53003354
-10.17385177
-3.81388459
-14.04024914
-4.59162055
-13.71013127
-10.11335072
-5.57082977
-8.24547682
-9.72120138
-13.28171403
-6.75939871
-14.46929831
-9.43469420
-10.89076960
-8.28329298
-13.98138501
-15.59396436
-3.76060949
-9.97962887
-11.32471254
-9.35945985
-3.77612639
-5.73565559
-21.10259785
-12.13274494
-16.74781041
-2.24402098
-14.39147633
-15.59456001
-12.81950814
-6.68882967
-14.41310807
-16.92577905
-13.51471370
-14.02769284
-13.03377643
-15.58512337
-12.59546614
-14.21399139
-8.73166828
-5.90635143
-11.74158621
-12.09383339
-10.57746657
-7.47766741
-5.94749951
-6.55309761
-14.35975010
-11.45072249
-6.64739192
-6.30806524
-6.26953890
-16.54079643
-15.20168165
-7.78585130
-7.40525480
-9.67460959
-13.83857703
-10.78608232
-8.52242964
-12.84065330
-13.11640271
-18.09233733
-11.87428183
-6.35670860
-13.65448283
-13.26552770
-13.45063160
-18.03039303
-12.42502355
-7.38127303
-5.92535621
-13.97323145
-5.57063779
-3.10108639
-16.49733692
-12.56236791
-14.41046577
-4.72862752
-18.52902953
-5.14770965
-5.12435642
-8.58752536
-9.99414536
0.00000000
-16.15493055
-15.81276145
-15.34419628
-5.88614842
-10.38259505
-8.62372876
-14.39841680
-13.24460877
-7.13649819
-15.03438625
-11.27971971
-22.60891653
-12.50612930
-7.15847282
-8.54035515
-1.32224965
-6.39711150
-12.05713214
-15.68641578
-7.93558646
-9.85688358
-13.14060759
-7.43566970
-17.31881427
-13.31440604
-19.05488559
-9.35348613
-10.11868838
-7.79746737
-6.66751960
-12.14934381
-9.47132154
-7.87957811
-3.55823613
-7.42669103
-10.98400006
-10.87175708
-10.09507891
-4.34804122
-20.18273607
-13.73116915
-2.37332086
-12.34572159
-14.63313898
-5.53064553
-11.01026426
-3.85616085
-3.10393816
-9.50295545
-13.02253085
-13.98268829
-6.61113048
-1.85592999
-7.48002771
-15.12502602
-14.10411542
-8.63048408
-9.36556404
-4.41192607
-11.59714349
-3.37920145
-4.41476123
-6.01431307
0.00000000
-9.55169778
-8.42622884
-2.56039332
-6.45861634
-8.94197583
-18.01898528
-9.79714757
-7.77506263
-13.26730648
-9.92247928
-2.49475181
-11.13441008
-0.48400674
-11.57878565
-8.10543746
-11.37601845
-7.63862985
-8.25222261
0.00000000
-6.66137857
-15.64736355
-13.53148123
-6.36748262
-8.42445293
-15.73766324
-7.83710334
-10.76386204
-6.84537548
-7.15767331
-15.22429347
-12.49427910
-2.78968232
-12.72827598
-9.18151190
-5.78974833
-17.12227195
-11.38459782
-14.25419196
-10.78372031
-16.15839845
-10.04853220
-18.51105854
-6.83865003
-14.98934072
-17.71357898
-8.20826767
-13.35365221
-9.43097079
-14.03254008
-9.38666342
-9.70548809
-15.12302521
-8.18454716
-6.71758612
-5.88180067
-7.84788297
-16.31180411
-14.82515771
-12.31849870
0.00000000
-5.18631746
-21.63365590
-8.28815258
-14.15242951
-8.97597679
-14.98922478
-16.63508305
-2.58176550
-10.35048019
-1.47413168
-4.13910279
-8.45367438
-14.58626578
-11.50475008
-13.86003060
-6.02841462
-5.51796815
-2.23657042
-7.50537048
-16.96395854
-8.05319882
-1.58474740
-8.92878025
-13.50563511
-13.86923285
-21.56742314
-8.62146429
-10.60412210
-4.01813881
-12.22771520
-12.98738989
-5.30755624
-3.07106915
-17.14036535
-12.97136972
-15.36608898
-16.52541788
-15.42329240
-3.57939143
-6.68693177
-14.51853376
-3.69217508
-7.57499582
-12.63627096
-15.23698464
-15.26400528
-14.52113502
-5.88712159
-12.19688648
-16.86838548
-10.97593658
-3.27520628
-8.56876938
-13.25281634
-8.36813715
-10.98599056
-12.66116591
-12.81140070
-14.94617526
-8.51539297
-16.69377114
-5.62605084
-11.39518477
-1.91499831
-7.94593217
-13.21393240
-3.29543335
-11.12985728
-11.23390403
-14.34910892
-1.93247942
-8.62689919
-3.55011225
-8.53863686
-17.90584742
-5.67383572
-11.83705680
-7.48102847
-12.27260930
-6.04926245
-11.14021273
-8.84009109
-7.64875336
-4.92235296
-11.31589073
-10.63655024
-13.11522857
-18.55785352
-20.46637251
-13.23107530
-7.34460601
-10.96782277
-13.94913941
-16.83689882
0.00000000
-12.03871967
-1.50947976
-16.47601590
-7.24900700
-13.43021705
-15.42944574
-16.21040441
-4.90205194
-15.43301885
-9.82021759
-11.78316607
0.00000000
-13.86274054
-10.66671955
-8.87879752
-15.33083776
-7.41305921
-12.88935167
-6.44365462
-9.98402025
-6.99666874
-3.70654194
-10.72867325
-11.92212039
-7.48082071
-10.10635542
-9.02299678
-8.73754736
0.00000000
-14.42472812
-17.39237177
-8.25273956
-9.44750215
-12.44122568
-8.25223170
-12.00056957
-5.98415653
-9.58390240
-10.96286563
-1.08877350
-11.28869716
-8.01698679
-9.35034513
-9.25799669
-7.33252207
-7.23908047
-11.71157226
-16.90791894
-12.81374863
0.00000000
-10.43315754
-15.13645295
-16.29731007
-5.05996394
-16.06554532
-9.52441218
-20.74016284
0.00000000
-19.93488262
-15.80733325
-7.91119799
-9.63197717
-8.41047523
-6.66697816
-7.09778095
-10.60188101
-4.97599183
-12.40729386
-6.38490862
-7.63225177
-7.16205788
-18.70133486
-11.27836328
-11.62992438
-5.26512349
-5.77893607
-13.47071604
-17.27170394
-7.98705328
-3.48299467
-10.11463124
-6.22329098
-13.68471826
-13.98222625
-10.49260456
-3.34110464
-8.01221404
-2.32406058
-1.33316861
-12.62056977
-7.69111589
-17.51084587
-12.37751511
-5.91476834
-14.05317490
-2.18125236
-11.91147065
-6.74703952
-2.60940027
-13.56072663
-10.50075790
-8.78413287
-7.75355958
-16.74650963
-12.24499032
-3.85663082
-14.15745093
-13.96728992
-19.49538446
-4.91347887
-5.19612504
-8.55056770
-9.38738002
-3.33215893
-10.90357617
-9.35121803
-5.70198684
-24.69361725
-8.51863875
-8.39961023
-11.97001377
-8.65343922
-7.59313037
-3.98009562
-10.49024499
-13.92607197
-2.93556243
-6.76802726
-7.04591238
-1.80581044
-19.31862833
-11.99673102
-11.70245338
-4.42685962
-0.22891851
-12.70462021
-13.83213050
-18.64954830
-6.57980845
0.00000000
-8.06354384
-8.93848051
-10.88023100
-8.61961253
-9.66810954
-16.30806073
-11.70839011
0.00000000
-12.05748316
-7.45617880
-10.80537455
-11.56171810
-9.20977080
-7.93242837
-5.71136811
-16.23921376
-4.05564072
-6.49258539
-9.68608458
-17.21755918
0.00000000
-10.36508893
-15.32829829
-14.47865198
-12.88353632
-6.76287013
-9.74198772
-10.85915364
-17.90668345
-12.36505391
-9.41753939
-9.14785062
-12.75158213
-6.06324265
-5.56675108
-2.12333460
-12.52543862
-9.22379901
-11.55834227
-12.65187501
-11.36651280
-8.94516330
-7.33292044
-21.62925587
-8.70388750
-3.37117215
-4.96075735
-9.00076955
-10.38236732
0.00000000
-17.25827240
-6.39748520
-12.61066594
-12.52822278
-11.37113678
-8.00468053
-11.61670051
-17.51342939
-0.23248482
-7.81507361
-15.36037792
-6.97775659
-12.75645982
-11.44089427
-9.05693901
-11.45707617
-5.21508686
-10.55661685
-12.49216778
-18.67249574
-12.92435703
-14.10067852
-14.37419668
-12.23253136
-18.71419557
-9.17886726
-13.00909212
-5.86627888
-16.20963733
-13.76608493
-11.33841872
-7.47962753
-10.21161584
-8.74135832
-15.31381618
-11.52607188
-13.69028332
-11.56933782
-13.07921153
-5.78624007
-13.78919960
-15.27177871
-7.52075949
-5.90219919
-14.00091219
-11.47447726
-1.80168037
-11.74949085
-11.16263999
-10.93444124
-11.55791013
-13.34197918
-2.32711998
-7.43768332
-10.97932530
-12.34254737
-1.08814041
-9.80576235
-9.90339840
-12.03487585
-7.48585433
-6.13842536
-15.57532070
-13.37247369
-6.53261800
-19.11833218
-3.07100240
-8.71128545
-6.98038241
-11.74540065
-18.53761040
-10.46327708
-8.04059130
-2.35690595
-15.55666772
-12.98817702
-17.71259129
-11.02883555
-10.97442210
-3.04918827
-12.96238386
-14.41605209
-7.66129493
-7.10466831
-15.44658057
-14.13631464
-11.45804257
-17.85503856
-14.12378714
-1.07825652
-4.37341081
-8.78186835
-10.87664976
-5.45152788
-19.79040030
0.00000000
-8.35367625
-14.42773537
-13.46275445
-6.44351653
-2.42671389
-4.97817362
-9.82609291
-9.58608634
-5.75773423
-7.84888552
-7.90866634
-5.74733943
0.00000000
-14.91807181
-5.33839157
-11.11606726
-17.11401358
-8.10481278
-13.12385208
-12.61727907
-13.01988641
-11.36191881
-9.57691181
-15.47158343
-17.72673073
-7.96067767
-16.94498960
-12.36248425
-4.13969764
-0.92808033
-10.01635305
-1.47571515
-6.33670951
-11.05366631
-18.04819419
-13.20489349
-20.82094810
0.00000000
-10.37352794
-10.76193705
-7.76596036
-2.08116398
-4.22617949
-5.25036857
-3.45014989
-13.35248503
-15.85254116
-15.85193881
-14.76788189
-8.84187543
-10.92644760
-10.21310166
0.00000000
-11.69107323
-8.04890092
-11.83471366
-7.84648521
-6.92268099
-18.11670408
