-149.59297205
-152.33055808
-147.51183453
-145.00710886
-145.87573238
-154.42625175
-163.43373442
-141.96457608
-154.16160058
-149.55364001
-148.14055115
-150.06782297
-152.45496394
-145.35215795
-142.48595467
-152.22409676
-153.10996034
-152.39496363
-146.20768333
-156.03635955
-151.53683140
-148.17079075
-144.37409471
-150.66753933
-141.18660551
-145.53643026
-155.52368054
-157.87069272
-153.67889617
-149.31267642
-148.41456199
-142.53154216
-151.60440327
-147.23689824
-148.22634366
-150.49425491
-145.88992903
-154.24329388
-146.26604819
-148.26194036
-149.04548139
-145.99577022
-152.39055156
-152.79796576
-149.07272545
-145.69625775
-147.62537465
-153.76863862
-155.44119583
-153.80884463
-143.16058607
-143.16310446
-144.17742657
-151.38419596
-152.95910987
-155.41167026
-157.93119141
-147.65523001
-135.09639988
-152.67076617
-152.31389936
-150.19295965
-149.97214775
-146.70491201
-151.67708164
-158.50962546
-151.11507626
-148.68345035
-158.90711376
-157.63314489
-147.32378495
-149.61986568
-147.23666786
-148.43825247
-150.30409093
-157.80483469
-160.71264595
-152.99252604
-147.91797787
-154.50517319
-149.00885605
-153.05049557
-144.41710934
-155.59446375
-154.35635976
-153.35087356
-155.36645360
-152.62718097
-153.66212767
-154.06541303
-147.63109280
-135.27178986
-150.26181068
-144.91746678
-147.10928795
-142.77966237
-148.44833509
-143.51032932
-148.00517997
-144.37457215
-159.68082501
-148.17237913
-149.56239289
-143.82168162
-146.26565916
-145.56955655
-147.82166656
-147.14723980
-151.62271015
-152.78125419
-150.26765701
-152.78278885
-151.69196574
-146.93734239
-144.38827364
-149.49728175
-153.41171976
-154.76274710
-146.80627640
-149.81369186
-147.84120660
-150.45604705
-146.44246773
-152.96181264
-152.03591957
-149.91923243
-141.61726692
-142.33368478
-145.97617377
-155.10908474
-152.40542995
-153.74701599
-158.03752125
-156.17965793
-151.78504448
-155.66956458
-147.37464750
-147.58542676
-155.63080233
-144.81819914
-153.64783309
-146.64131097
-152.22577500
-143.24634899
-152.55069433
-152.80918853
-160.62212595
-156.97050247
-152.45695733
-148.84610261
-145.50107972
-153.64187372
-137.00754100
-152.03971168
-149.64130458
-156.64966765
-147.43283570
-149.48258927
-148.73170939
-153.04090287
-152.86195592
-148.07360921
-156.29556120
-147.88463249
-152.21431733
-145.11197588
-147.45295416
-147.20875948
-153.31228203
-157.03987021
-149.68989875
-156.29977559
-138.36172369
-149.22368068
-152.25717960
-150.31822532
-152.17111694
-159.84655715
-151.60809483
-149.15465878
-156.32118184
-151.91108459
-152.43589852
-156.31333512
-157.42223112
-151.17573457
-150.09303596
-151.88729938
-159.08325507
-153.11600160
-148.49489019
-153.28775123
-152.81011798
-147.70549704
-151.42012265
-145.44641549
-143.38944223
-148.83142675
-152.21712564
-144.87263196
-146.79902221
-146.97114991
-146.87509400
-147.42732870
-143.87278202
-148.21243945
-150.72519002
-155.45500156
-142.08389983
-146.84889152
-148.08045810
-158.10029984
-147.42611398
-158.77821473
-139.77392343
-142.86297928
-149.09827681
-159.11006053
-143.77911333
-150.05404676
-145.53041373
-150.48543482
-149.69518625
-158.47060801
-139.99838358
-149.10739466
-153.93711608
-158.20172162
-152.37963724
-152.39978194
-148.75796696
-144.59617167
-147.01123915
-156.70487886
-147.84314471
-142.74299145
-155.34898328
-155.23003042
-146.42694399
-145.30345737
-161.49640208
-152.44425620
-153.04184790
-152.31088207
-147.49501973
-143.25435595
-150.99839279
-152.10054412
-150.29814617
-141.44433475
-158.52952579
-148.59278461
-143.51543634
-152.79383374
-149.81219656
-149.75746977
-151.30204759
-149.70123488
-149.98872909
-153.91636344
-158.06111496
-146.70486581
-149.82590323
-148.26870141
-151.60641483
-153.79752166
-152.05750317
-149.95904882
-147.29642847
-148.92868162
-158.70387037
-151.24536936
-150.03110487
-147.31994774
-153.68943362
-146.72336870
-143.77255640
-150.46038907
-150.63790758
-146.00361196
-146.54076928
-138.28100963
-151.10696235
-147.13402742
-149.67275116
-145.13671800
-149.53567487
-159.54433512
-152.94129404
-138.64644760
-153.82797016
-150.54090795
-143.97981644
-146.67837469
-152.41154576
-151.66132794
-146.60609605
-141.34296910
-150.79523425
-134.82013201
-142.19445850
-154.35263017
-148.76171446
-148.71033884
-148.04836294
-156.36613251
-151.74075486
-154.64364899
-148.08610855
-154.74941601
-152.84629151
-148.41999669
-151.88353491
-149.57204985
-157.27260272
-151.70579143
-140.24882399
-145.28470450
-149.81116844
-159.37940251
-152.31094387
-145.55107628
-153.59970931
-153.05555776
-159.07197542
-145.19532825
-157.58249393
-145.80416995
-149.96863002
-153.39833984
-146.96076870
-146.96219762
-144.73904585
-152.43910715
-154.42073036
-149.21878876
-141.51041873
-147.37680550
-142.65211073
-146.89416569
-148.32436967
-137.63524521
-148.21494496
-148.87067144
-151.87323763
-151.17882602
-154.64554301
-146.28049675
-151.46554972
-143.96411178
-151.32081944
-146.46655437
-144.38555770
-147.80968420
-147.32456150
-146.92943414
-155.85153320
-158.01281092
-153.00957753
-149.84925210
-142.00396793
-151.07871335
-143.45003835
-158.28616566
-147.75951479
-152.97074076
-149.72677898
-150.87134809
-149.98419952
-146.50243856
-150.89331002
-149.43399118
-153.29850560
-151.65519186
-153.12199237
-145.26642859
-149.85328316
-156.20684407
-159.61001596
-146.43157018
-157.32721017
-148.72048248
-145.37505919
-149.47033174
-147.33554513
-149.55756251
-146.82562145
-151.30776629
-157.81440451
-150.34523019
-146.89523825
-156.02449268
-152.95374850
-152.42428279
-150.23521534
-155.87165635
-158.02522212
-160.08055983
-143.26666998
-156.95578789
-158.16345382
-145.41392058
-158.70275195
-142.05846614
-146.82434901
-147.76646309
-151.76510975
-156.13399980
-144.38362901
-153.17296905
-153.86014321
-142.38868281
-150.56393993
-147.36321623
-147.58609340
-158.31986661
-151.47216634
-148.24899162
-150.72629358
-147.24096433
-152.63027051
-143.81145356
-154.49016274
-140.72418025
-147.87105975
-148.62585696
-156.82894588
-137.82955704
-146.88320685
-151.42080949
-153.90557746
-151.56872057
-150.48866257
-152.34112595
-147.88540332
-154.39241880
-145.96720429
-153.81314007
-143.60073992
-135.96811124
-146.42398260
-148.69310544
-147.94811381
-150.95640306
-145.47976584
-149.31694391
-147.04337674
-154.22162333
-145.26226188
-147.16518758
-146.23731055
-150.16122288
-141.17904156
-142.91019898
-150.27972461
-146.24182179
-152.84923913
-151.35801971
-137.02838839
-151.15750283
-145.66402946
-141.81021800
-154.43238835
-155.41960143
-147.24592603
-161.97155487
-150.44794183
-145.14002183
-146.12642578
-149.72670288
-148.56198302
-148.87675612
-147.83906743
-145.62720707
-151.85297792
-151.89835979
-149.46933743
-145.30996563
-149.24240254
-152.68598656
-147.89079939
-152.66720188
-139.35492927
-142.89155863
-159.27091496
-146.98521363
-147.05911450
-147.28949213
-150.28904190
-152.02950252
-154.77361059
-152.67551153
-149.32511865
-151.20070963
-154.64828476
-150.68675672
-148.12891521
-145.57165607
-150.16252830
-149.18378763
-150.86735061
-141.86382252
-151.18070587
-144.61340439
-149.03165624
-147.88993173
-150.66438654
-150.79530164
-144.81022325
-149.63441314
-151.00936899
-145.87911385
-141.05674199
-152.48671219
-149.00744607
-146.41789405
-143.17130322
-148.21521937
-157.73101928
-152.52765475
-144.56508729
-153.11854330
-151.12843270
-147.24470344
-154.53739722
-149.85221499
-145.62588176
-152.09116420
-149.49193534
-145.54801732
-146.97675917
-148.52280519
-156.95137521
-147.88772718
-135.80159615
-153.26280694
-155.40051976
-153.43139362
-146.87204518
-140.64670981
-152.97835618
-149.72951372
-147.77222711
-151.53736723
-146.87962513
-139.28872701
-147.34627462
-156.90008861
-139.60058094
-139.42781968
-144.89769851
-153.10706588
-136.30478362
-150.43560903
-155.93585145
-151.49192309
-145.89230965
-151.02873047
-151.07868282
-151.25789661
-149.09456549
-146.47631364
-155.42853405
-143.13905423
-143.34085800
-152.59893809
-151.86037071
-150.41809628
-149.04773290
-143.83483231
-147.59426981
-160.90115791
-161.46197206
-159.35107537
-153.21267375
-154.14328480
-155.20714777
-157.79487798
-148.99777222
-149.39829330
-150.22360811
-144.28574306
-146.73310665
-151.62656479
-134.84977252
-153.03005837
-152.86929535
-147.97872903
-146.48090534
-152.05474353
-155.98648046
-153.73116365
-142.08465100
-153.76182325
-152.46437856
-154.67804894
-153.14567828
-159.24887294
-146.55372349
-150.11473652
-144.96604947
-148.92203558
-147.57433480
-147.63284617
-159.40754082
-147.80599791
-143.31720730
-146.59812653
-146.39908013
-148.74822856
-157.73333924
-145.30018892
-155.56731085
-147.73938683
-149.30790184
-154.95108667
-152.14148961
-157.87851806
-152.77518732
-154.80379395
-149.14350296
-151.25055697
-156.32477735
-153.71565903
-144.99201460
-147.76617996
-149.58372914
-145.97161255
-147.06808534
-147.70108282
-149.33375697
-153.22370193
-156.07403003
-149.41273143
-151.05187614
-149.58706028
-151.25484551
-145.46173711
-146.99510243
-148.03317485
-148.14366596
-156.40853813
-149.67474113
-159.26980387
-144.73722154
-160.25230590
-155.84701003
-147.62251364
-144.81058157
-151.52719799
-153.76542824
-157.63267929
-153.71259015
-147.21978178
-156.11579022
-155.55041181
-152.81494261
-146.12278328
-147.84476848
-160.21702390
-147.15156898
-144.04104971
-149.71387768
-146.78299994
-160.29642208
-156.66437879
-150.55106255
-143.04857962
-150.07657661
-154.66616074
-150.93914117
-141.49266638
-154.02668366
-153.43752018
-156.50649937
-148.38783800
-153.11839327
-143.50220847
-150.85115167
-153.04842973
-143.97213818
-155.47738617
-147.05179056
-149.63890378
-150.22636436
-152.55903785
-147.34125785
-157.48006354
-153.21204374
-149.35385410
-148.59797181
-156.85667531
-159.70245888
-156.29717311
-153.70532432
-151.76684967
-149.37610570
-153.22952290
-155.89279332
-139.87188216
-150.98362230
-153.73108664
-154.27200360
-146.92712772
-138.90994921
-143.61227947
-151.09767110
-141.76628545
-152.80738542
-144.57208586
-152.53500248
-145.76015712
-149.27469356
-141.74182689
-151.36659594
-138.77745127
-148.24156231
-147.87521021
-147.02159225
-151.55164496
-154.38478091
-157.41112850
-144.97282073
-151.87461114
-148.40542927
-151.94363950
-155.23841551
-149.43725692
-146.71983539
-147.32681501
-156.50962118
-140.15577288
-152.10033314
-146.42778525
-156.08557079
-148.56527358
-150.25358406
-142.35055881
-147.91823842
-140.76567059
-147.60242191
-156.48515897
-140.21753817
-145.59812240
-150.78251028
-139.66345378
-158.66782555
-146.46346215
-155.63163624
-145.34617302
-154.18955507
-153.18382150
-148.68460867
-148.96314609
-149.95538546
-151.17599089
-151.58357464
-150.19107170
-148.09138611
-147.80595073
-141.00127165
-155.10204149
-155.40606078
-148.97878841
-145.76044200
-147.76652440
-152.61887908
-153.53865876
-149.85366632
-151.12526455
-149.05606453
-148.10933044
-146.72836282
-146.20714225
-147.62126905
-145.52697000
-149.48452972
-144.81164117
-145.12590590
-147.44978838
-159.70163315
-154.38941262
-147.22373622
-146.79756443
-153.61344568
-149.03143334
-156.65541796
-145.94171167
-149.61939525
-147.18685623
-148.36556029
-154.93651458
-153.11510242
-154.90288923
-147.40414440
-151.91693738
-143.64865646
-158.34714646
-152.73980273
-146.93938586
-141.90858775
-152.57604164
-153.09094592
-150.51140677
-143.54538350
-154.40689145
-140.82737722
-147.31677184
-153.61875863
-160.55140653
-150.19668860
-157.99447378
-155.22755880
-144.42247933
-147.74771285
-147.82413281
-144.14219626
-152.74105581
-148.01747154
-152.87077875
-156.09406178
-155.78337046
-146.68470079
-151.88204817
-154.54442158
-141.31400038
-151.37114950
-151.16782892
-158.51228505
-153.33702034
-151.26845221
-143.82291077
-140.53294810
-142.26319324
-149.46500906
-157.71934202
-147.30530788
-150.06930438
-148.01826047
-148.97520051
-147.18010489
-139.02189372
-145.70070270
-163.23774658
-144.37790456
-158.10190929
-153.32943782
-152.17119259
-148.24947578
-146.80634376
-147.15329995
-136.04706267
-149.68652661
-154.97553029
-152.02158250
-156.27268521
-146.58737167
-145.90947844
-160.38074883
-147.68986361
-147.72935606
-149.05026563
-140.18760506
-147.84632862
-149.26816716
-148.89785104
-151.69421140
-147.02466723
-141.64144441
-142.96928539
-143.49580691
-149.59046972
-157.09665081
-146.23976911
-139.92107685
-158.39952029
-153.81855338
-153.81897312
-152.46961951
-157.35859797
-143.60904872
-141.23129391
-145.09507121
-145.03645315
-147.81069650
-150.54764649
-154.85015789
-150.75931338
-154.89612900
-153.32369863
-152.85908412
-149.30454422
-142.64047855
-138.97658519
-143.66044827
-156.62581760
-152.45549630
-142.80682282
-159.93297025
-150.44282095
-151.93893743
-144.12163468
-149.24042696
-152.91056905
-146.38270502
-143.63386740
-148.77080310
-145.34614161
-131.84831917
-151.18006527
-145.87935088
-153.63713059
-157.37406853
-143.43085677
-150.74935049
-151.12667773
-152.92506054
-149.20061930
-145.08234281
-149.29548219
-154.98049356
-153.59661597
-147.01380390
-154.84489228
-151.80802695
-144.81665581
-148.96745199
-152.63822937
-152.28159133
-151.79320993
-151.46487666
-147.86652988
-150.94503700
-154.22071730
-146.13351829
-149.33462703
-155.04773082
-151.74548290
-140.07098152
-157.61284195
-149.79241806
-152.40272809
-150.28406755
-141.92835160
-151.74369132
-157.01126291
-142.97138148
-149.74391621
-153.00320174
-154.08715842
-145.66659245
-154.79702233
-144.29121811
-148.78679557
-154.14582199
-155.64072679
-149.44545166
-146.58881652
-157.06799620
-146.48267186
-148.01112477
-157.13837034
-145.44537069
-156.61172138
-146.07516953
-142.11257000
-150.92365206
-154.81256468
-156.69735488
-144.53569889
-152.72036069
-148.70955974
-145.45147145
-146.19533603
-150.89104827
-150.30465943
-150.07405156
-144.34502843
-150.90877582
-150.03889034
-154.83293851
-150.46503318
-153.03319418
-154.87575990
-150.50209671
-152.01836208
-157.56896691
-152.38939803
-150.85839415
-142.82941291
-147.63164081
-156.15935411
-153.36373394
-146.90659759
-149.38033905
-148.94256852
-139.06643842
-148.09516653
-144.57029612
-156.52083199
